9 51 38 55 95 50 23 89 21 82 47 88 76 79 59 91 84 36 64 74 29 47 46 97 85 27 45 61 35 50 34 35 51 88 86 71 54 66 57 99 89 43 92 90 84 65 40 48 92 76 59 56 70 21 54 9 24 98 10 34 99 43 89 97 83 0 77 59 34 92 79 50 19 42 38 12 31 24 59 76 68 47 4 59 90 41 45 57 19 50 27 69 31 53 32 63 71 18 57 81 
99 58 83 11 88 83 77 53 53 7 51 57 82 68 72 98 98 14 22 99 78 84 38 25 51 20 27 53 97 43 89 78 34 66 23 24 94 69 38 34 41 21 61 13 72 7 37 26 89 83 2 20 53 62 37 84 60 34 46 16 7 17 77 78 11 14 16 39 10 96 76 22 60 47 65 51 44 21 77 98 16 98 29 45 44 76 43 59 93 74 80 58 87 32 78 52 9 48 70 78 
53 60 35 10 69 21 83 91 88 29 35 95 27 81 31 77 18 88 25 37 51 44 58 73 71 94 39 89 93 34 29 3 1 18 28 2 93 84 54 58 22 87 16 17 41 61 4 28 81 61 29 68 14 47 84 0 41 30 36 85 14 26 36 61 68 42 46 85 59 98 8 42 60 24 59 27 78 38 19 58 88 72 37 44 77 69 34 11 39 45 17 67 9 57 65 81 28 43 33 96 
60 55 27 45 92 35 44 14 83 16 25 11 19 75 64 27 20 24 19 90 95 85 7 96 73 55 26 97 23 93 89 51 83 21 28 26 32 1 23 70 12 75 74 64 98 2 15 15 20 97 0 86 4 22 77 23 83 44 35 78 23 93 43 69 45 79 66 41 55 37 77 74 80 51 26 55 18 48 73 4 69 9 42 61 53 26 39 2 38 83 58 33 10 58 90 63 61 17 23 82 
28 84 57 84 71 12 44 54 69 65 22 44 86 26 86 13 88 0 2 39 59 14 5 61 54 96 62 73 24 14 17 57 85 41 43 53 71 41 10 36 60 34 42 81 64 25 91 37 48 25 37 46 50 16 78 98 41 52 20 74 93 68 21 26 57 68 51 0 69 12 38 5 55 82 66 51 38 34 79 69 89 63 20 12 18 20 55 96 30 41 58 71 9 13 47 78 84 38 94 39 
0 75 45 33 98 37 33 16 29 60 95 13 95 98 79 89 11 12 56 88 36 48 38 12 84 94 50 40 82 14 87 70 81 84 74 77 49 40 19 38 80 33 39 53 9 65 19 9 6 58 35 60 41 24 92 48 85 23 19 12 54 20 82 55 19 89 47 75 65 26 13 97 16 4 43 50 25 4 99 79 27 39 30 94 44 97 2 60 13 37 79 78 94 41 16 12 75 59 82 29 
44 12 54 58 32 56 83 10 22 28 39 87 41 7 26 12 53 72 46 67 71 1 23 10 85 13 4 9 24 74 8 98 51 21 42 81 9 67 74 71 16 24 27 59 57 38 67 56 12 97 76 87 83 6 86 36 55 87 2 11 28 10 8 30 71 54 85 6 70 31 21 68 31 72 64 5 50 24 45 65 16 26 42 90 94 99 15 37 52 3 99 26 79 79 96 21 86 42 84 64 
56 33 24 41 3 77 49 66 24 45 43 28 83 42 30 16 16 88 85 99 0 69 37 18 26 57 58 48 33 49 90 0 39 49 62 82 64 98 95 81 61 1 30 43 36 30 83 58 24 52 81 12 67 54 62 2 64 40 3 77 37 16 15 58 98 68 81 40 70 28 64 67 50 44 26 52 95 56 65 80 27 29 67 11 5 38 6 63 14 15 75 66 64 42 15 49 61 11 35 49 
53 98 6 32 18 41 91 25 52 47 45 58 8 29 6 16 63 20 79 29 96 68 94 13 20 55 55 22 29 29 65 51 5 73 77 19 30 2 28 88 91 28 90 59 28 58 39 64 15 0 23 15 13 65 47 20 47 40 26 16 26 73 63 85 3 0 51 54 85 93 11 76 88 70 4 8 94 10 55 45 66 58 5 70 34 99 47 99 79 33 64 20 39 11 16 27 57 35 82 42 
45 3 18 82 99 66 15 12 55 42 60 33 76 43 74 45 54 39 26 32 42 36 98 58 76 14 5 53 0 3 45 74 50 40 6 64 5 7 48 48 47 54 14 98 1 35 72 10 81 59 0 96 14 91 35 86 67 84 30 47 8 63 24 56 21 17 38 59 24 5 14 44 33 98 91 46 54 1 81 98 9 4 97 16 30 34 75 15 69 59 19 22 50 63 88 72 93 72 24 68 
77 25 26 24 77 2 9 64 45 73 4 48 75 26 16 47 85 96 18 42 1 53 84 0 24 4 60 20 99 37 54 10 36 82 86 11 20 66 5 49 35 36 18 78 2 81 26 88 13 89 93 62 40 72 12 63 19 42 80 58 71 42 21 77 69 61 88 74 90 25 63 63 9 13 98 85 95 85 87 18 21 54 95 40 69 25 97 82 36 35 96 98 88 94 45 77 61 33 99 52 
62 37 26 40 17 84 92 52 29 5 59 10 37 14 69 96 85 4 41 41 93 10 65 54 10 65 77 10 38 82 60 2 0 88 88 78 56 90 0 32 94 67 93 17 93 62 25 17 59 1 72 45 20 96 26 75 99 6 19 53 73 33 65 88 53 12 3 7 91 18 47 13 26 53 38 60 68 45 41 96 53 8 32 40 39 83 75 52 16 55 13 52 83 29 52 93 41 39 24 66 
16 81 72 75 66 13 18 53 96 87 92 9 79 4 47 60 12 11 33 95 19 22 40 45 66 19 21 18 19 54 19 3 93 70 11 41 21 1 33 2 88 13 31 39 98 15 54 59 45 6 91 85 88 84 63 39 23 98 70 3 60 93 99 59 33 2 97 60 72 50 99 34 60 94 76 64 18 60 97 63 48 87 65 6 34 49 8 98 79 54 21 35 51 24 49 0 79 52 32 63 
83 64 23 45 48 51 69 93 6 26 24 35 59 91 71 41 58 65 37 70 76 60 89 47 9 91 49 56 89 16 58 79 21 31 50 0 96 51 29 49 10 95 62 84 68 64 58 63 19 68 19 88 32 27 95 15 61 46 99 34 45 15 43 28 90 75 56 21 80 83 77 42 19 9 89 56 50 94 29 68 78 22 54 30 53 20 93 26 48 17 51 45 41 76 85 41 59 28 93 98 
32 29 16 36 41 29 83 53 68 95 88 63 87 87 65 10 81 50 73 97 93 80 28 36 24 55 74 39 4 18 60 29 84 92 66 17 79 15 20 49 68 30 96 61 36 43 74 63 23 5 26 88 29 22 64 28 22 49 46 70 56 0 15 40 40 89 19 27 74 79 50 22 89 0 12 13 44 77 23 57 30 10 49 94 8 57 64 6 82 30 47 65 68 8 32 82 69 10 44 38 
81 53 15 35 35 11 68 92 65 43 81 72 20 5 53 64 69 71 43 55 90 28 11 53 43 68 3 0 89 51 56 19 76 97 61 92 93 47 96 38 35 63 24 32 12 64 54 6 20 77 4 78 41 41 61 34 6 14 6 32 5 99 91 34 97 31 69 82 29 95 89 31 31 27 15 22 41 85 84 19 98 51 6 34 7 41 45 67 80 48 3 48 1 54 54 55 98 58 46 7 
18 67 46 34 17 69 71 44 21 64 28 52 43 77 2 98 0 43 60 77 94 63 32 42 90 1 96 45 3 60 43 37 4 52 31 28 80 34 88 64 83 96 69 61 74 27 12 91 72 35 29 56 23 55 67 24 38 55 41 61 37 83 3 58 43 53 45 40 9 42 42 53 19 57 23 13 64 89 52 74 79 82 88 47 32 36 20 77 82 20 93 67 23 56 19 52 91 30 3 31 
39 25 1 59 1 64 87 65 96 35 13 92 69 7 21 23 17 62 21 49 67 69 9 22 66 88 47 54 8 24 57 77 62 75 12 34 97 60 7 33 18 45 88 87 78 31 49 40 93 97 28 13 43 86 36 39 29 85 94 45 98 50 47 45 92 0 65 79 79 81 73 12 92 10 57 93 22 65 23 89 88 81 66 63 75 29 62 49 69 88 66 91 1 25 2 84 38 51 97 56 
54 68 33 31 75 52 4 1 33 21 19 79 71 5 55 41 92 53 11 6 70 37 9 46 89 48 77 2 3 10 7 59 64 69 81 73 62 5 61 83 27 84 46 57 2 39 11 74 80 59 64 28 35 72 48 8 66 72 32 39 84 91 50 63 36 10 67 91 46 83 23 12 96 81 39 69 52 89 85 62 13 49 76 87 41 29 59 87 97 40 55 10 24 52 73 68 63 30 79 89 
42 48 39 58 20 89 18 48 45 41 82 17 90 10 67 52 83 83 69 34 8 92 71 71 49 27 21 82 87 38 91 99 44 65 89 23 84 7 51 53 86 69 58 63 54 47 6 55 37 76 8 77 40 49 47 56 87 9 42 42 97 56 45 28 72 70 57 29 90 95 67 38 99 74 1 24 3 59 20 11 16 14 86 61 69 70 27 47 83 70 40 78 9 43 48 41 15 99 18 26 
71 70 65 96 91 52 95 29 51 43 1 86 48 15 23 4 60 31 28 12 36 14 10 72 75 96 36 77 24 8 22 37 83 56 97 18 47 31 63 9 0 14 33 45 32 65 49 64 67 77 1 21 79 13 89 87 47 82 74 81 28 81 63 55 63 7 76 58 42 95 42 4 97 92 13 59 33 37 7 48 3 92 10 76 52 11 81 67 22 86 9 93 63 49 21 82 17 29 65 61 
29 60 88 18 58 94 56 42 50 11 28 52 1 46 76 85 46 72 74 96 22 15 17 32 76 34 38 20 67 22 96 58 99 13 69 75 42 67 79 87 4 99 13 48 91 78 29 46 97 55 76 22 76 1 54 55 88 2 48 99 27 61 13 7 17 44 28 35 71 56 20 93 39 41 37 24 99 17 47 53 15 6 62 49 32 57 41 98 86 59 9 13 42 78 1 73 78 71 38 7 
96 72 61 89 57 33 50 1 75 69 38 38 81 47 49 94 3 46 57 45 66 79 38 85 5 10 27 43 47 84 35 10 37 47 45 47 29 47 2 81 9 38 96 30 57 48 77 8 71 89 78 83 10 47 42 55 42 88 39 22 52 69 79 47 98 26 21 38 89 67 30 94 31 98 79 93 67 47 22 55 10 97 57 28 11 79 92 36 15 16 1 78 72 7 50 32 7 64 95 91 
13 80 2 7 83 32 90 75 6 41 23 75 6 86 1 50 96 99 19 78 43 83 2 3 91 2 79 49 88 98 29 22 14 24 34 32 43 69 94 3 63 94 73 40 73 61 62 3 26 3 84 43 5 56 57 92 66 70 47 40 45 75 70 90 80 33 54 13 65 35 73 90 93 46 40 38 53 2 48 59 8 19 15 98 7 16 11 29 93 27 38 34 10 63 59 8 38 16 45 98 
16 98 21 60 13 97 44 70 48 43 4 60 23 15 96 18 56 74 46 84 55 41 96 24 7 55 87 36 93 57 40 92 71 36 50 60 51 3 65 11 0 22 73 4 82 2 34 58 83 19 52 63 53 0 36 53 8 71 26 29 56 61 87 98 36 52 42 95 58 23 10 84 63 75 75 59 83 22 66 15 14 66 88 98 42 76 27 1 13 33 40 12 91 18 17 88 2 27 99 24 
30 7 8 3 51 29 55 67 2 49 64 2 64 71 51 67 58 56 53 72 2 19 50 25 56 60 32 6 69 31 36 4 48 10 11 32 46 16 51 10 44 17 96 64 61 91 96 96 11 90 70 42 64 5 59 71 56 97 62 16 32 28 42 31 19 55 35 97 19 72 5 84 97 48 89 80 84 33 23 61 94 80 18 95 5 54 83 3 94 32 16 22 29 69 63 77 32 87 44 79 
62 59 61 71 44 31 21 81 79 78 96 64 38 39 48 80 38 50 47 65 31 17 61 72 71 58 9 41 35 98 73 23 50 66 13 25 37 94 58 90 21 97 80 7 57 19 53 0 83 62 38 56 10 23 15 55 62 88 99 28 51 13 15 84 45 43 71 10 89 57 37 80 38 6 73 94 7 29 93 66 21 17 16 9 13 20 84 22 58 42 2 49 29 50 18 26 38 73 83 39 
48 4 89 64 66 42 54 79 33 11 48 12 38 95 89 44 36 10 89 1 43 32 77 1 88 70 13 13 73 45 47 80 13 23 48 95 97 44 68 36 58 17 6 38 39 81 90 84 88 66 86 80 1 99 84 68 36 72 62 17 30 38 37 5 45 18 8 91 91 0 73 37 91 33 30 26 49 46 26 90 44 84 95 91 16 46 55 93 95 70 47 3 21 65 4 53 67 84 82 30 
56 51 92 43 68 50 1 5 14 91 73 17 13 88 15 27 8 78 99 34 22 11 77 5 6 49 96 45 16 19 66 71 4 53 17 58 40 4 59 60 24 95 87 38 63 42 83 14 93 82 39 24 24 82 68 53 9 86 94 60 67 29 47 98 27 49 61 94 75 90 48 50 13 51 29 77 29 66 95 66 39 23 59 94 50 53 71 78 18 81 97 12 77 80 67 64 86 63 14 42 
38 5 79 83 27 50 34 74 11 76 99 74 47 4 72 26 71 14 99 56 85 1 85 70 45 50 24 43 27 36 71 23 93 18 81 83 32 48 66 8 94 4 98 18 67 21 36 56 97 39 45 7 42 42 50 69 36 8 3 69 23 39 77 25 79 11 82 66 94 30 54 0 94 1 62 86 44 67 73 50 80 6 90 67 93 33 13 39 81 66 7 16 22 84 18 71 53 49 22 69 
27 7 53 13 42 29 53 94 54 65 7 46 9 88 65 13 94 98 89 61 77 96 58 46 73 8 69 94 26 32 88 26 37 28 67 92 99 22 20 27 18 95 60 28 19 97 0 12 37 35 51 18 28 70 66 66 30 46 46 25 94 56 58 59 67 96 20 61 88 97 98 23 94 10 82 22 27 97 61 83 2 31 89 64 33 60 24 81 62 47 14 33 23 21 86 47 93 15 1 44 
26 27 73 36 63 98 20 6 5 88 94 28 66 47 73 84 60 29 4 85 50 14 35 50 79 51 53 86 82 98 49 44 56 66 11 41 98 57 31 72 84 37 7 66 95 93 50 73 58 15 26 64 32 31 91 24 6 94 30 56 88 88 25 50 55 39 97 2 45 10 90 78 53 86 98 98 18 69 5 9 83 8 57 28 93 91 86 66 13 93 87 30 58 2 59 9 14 26 91 56 
73 6 25 98 91 17 9 70 60 97 44 45 82 30 50 47 14 85 74 44 35 54 14 62 80 35 45 74 2 75 36 41 67 35 12 88 82 40 13 68 83 32 65 84 56 43 25 40 33 94 73 40 81 51 96 34 54 91 10 93 71 45 2 3 89 41 43 82 15 21 54 71 52 35 20 95 36 28 62 91 96 13 43 12 34 97 93 13 84 67 19 5 64 30 11 92 49 66 95 50 
34 58 4 54 64 4 83 98 71 81 88 41 9 51 58 89 47 17 40 95 6 62 22 27 41 25 48 82 70 17 40 48 98 89 63 44 73 51 68 76 96 26 13 40 30 27 48 54 96 57 27 12 36 57 21 63 43 9 28 88 27 99 84 25 8 27 38 90 17 91 74 38 52 99 71 34 6 53 20 56 64 58 64 0 46 43 99 40 22 23 29 3 86 30 21 17 44 20 86 49 
10 80 58 92 38 4 11 5 60 42 54 71 47 76 80 95 64 92 37 59 25 80 21 77 54 82 50 8 4 96 87 98 98 54 70 57 67 49 28 11 30 57 39 34 39 6 47 2 62 77 26 56 24 42 85 27 78 18 47 21 71 98 64 31 83 47 28 54 98 17 64 60 23 90 74 34 29 94 88 16 8 1 50 90 21 94 77 94 20 94 36 29 75 20 55 70 11 4 84 83 
88 6 89 90 62 98 55 11 79 75 24 29 98 21 65 50 77 56 0 53 71 98 26 95 24 61 58 34 17 83 48 23 52 94 88 98 85 37 39 72 85 32 39 9 68 12 8 76 26 52 56 36 87 35 72 77 51 80 50 19 40 27 58 67 91 55 61 97 67 13 80 74 86 87 81 20 38 11 30 39 80 38 47 79 71 13 39 20 7 39 74 70 62 53 33 87 53 71 55 2 
20 61 8 5 23 6 6 99 12 16 43 68 86 49 46 50 77 75 46 67 29 88 36 25 78 4 97 74 85 39 59 68 60 94 71 36 59 50 33 32 31 74 60 7 93 75 76 10 60 33 16 36 13 68 30 18 32 36 27 77 35 19 37 77 87 58 11 88 23 36 55 33 33 54 60 23 76 27 51 66 36 4 44 88 2 87 29 60 63 26 10 48 85 83 77 69 97 64 22 53 
26 22 52 85 3 22 7 61 60 40 41 49 57 71 31 54 29 45 53 63 61 30 46 26 32 99 79 54 62 49 35 30 17 37 16 16 38 94 77 80 97 35 27 85 91 70 39 47 73 38 78 63 1 82 48 76 22 23 42 62 70 80 71 76 32 13 27 46 52 97 47 98 10 1 1 29 50 66 7 47 43 62 11 64 19 68 86 57 51 71 12 83 53 42 93 15 42 9 44 19 
38 55 40 9 75 60 91 22 94 62 71 98 82 37 81 94 27 92 82 34 86 94 15 59 15 66 9 58 19 59 48 8 37 29 40 21 25 69 32 82 75 27 80 99 30 43 0 82 77 93 44 59 8 58 7 69 4 76 35 90 72 94 31 95 51 46 47 11 88 8 29 75 9 56 49 54 21 23 44 87 41 75 14 32 12 89 62 61 84 93 3 14 57 73 8 90 2 11 66 91 
59 77 46 31 76 90 38 57 41 47 93 12 59 35 94 12 39 48 62 91 83 8 86 64 61 38 85 8 68 75 80 53 42 63 39 36 69 24 52 38 50 81 70 64 51 8 80 72 4 24 92 32 29 2 99 14 56 79 12 93 35 82 5 68 78 52 31 57 6 22 54 54 85 38 0 88 37 83 86 79 12 83 32 59 18 34 43 68 95 33 70 14 38 13 46 81 59 3 64 46 
44 17 28 28 85 74 43 17 33 19 34 66 35 66 46 63 3 89 60 59 2 76 43 25 16 75 54 79 56 71 96 0 59 76 42 93 67 10 46 88 95 24 55 65 0 69 30 66 50 41 28 87 60 4 62 80 55 72 53 79 94 62 92 25 75 95 41 29 31 8 3 11 99 71 25 36 51 28 55 79 16 13 87 56 58 77 97 37 54 29 27 89 40 10 83 3 61 7 83 51 
47 72 4 24 10 39 77 26 25 98 50 63 50 58 19 37 23 15 54 86 64 50 13 73 91 88 87 41 19 76 15 48 2 52 34 34 86 81 66 48 2 21 63 76 6 6 46 71 16 82 38 62 11 62 50 50 70 16 42 47 11 53 46 24 38 15 53 61 84 80 72 53 13 96 33 31 93 97 19 17 60 38 52 65 82 73 43 96 22 30 5 89 47 54 6 30 28 77 80 9 
92 24 71 78 14 78 6 89 24 6 59 20 84 30 42 88 65 47 90 37 70 50 60 55 96 23 90 7 95 61 25 83 55 22 28 15 98 53 60 45 57 53 60 80 40 88 94 85 23 81 53 27 75 12 90 18 75 9 6 66 51 45 54 94 91 29 10 83 45 19 12 75 86 91 96 4 55 18 37 14 50 23 63 27 97 12 65 64 74 64 55 29 94 51 48 49 2 78 21 7 
14 97 53 63 21 39 14 46 49 9 71 6 93 88 9 28 14 97 83 83 31 66 52 10 9 24 74 2 2 64 14 95 34 7 53 94 24 85 7 23 67 22 19 53 56 48 5 63 49 17 89 54 53 18 41 45 47 88 70 64 72 75 24 26 76 13 42 62 29 54 62 42 60 91 75 95 39 83 5 12 44 90 34 9 63 69 2 43 97 7 6 31 69 96 63 1 33 47 17 65 
14 69 83 85 9 81 61 60 86 67 40 50 44 10 80 88 43 53 40 48 90 77 63 80 35 90 99 36 80 33 82 9 70 43 14 5 98 28 98 5 29 85 99 50 40 79 81 63 87 10 26 84 31 50 21 21 8 14 9 71 30 3 45 32 56 63 4 93 42 52 17 60 36 7 81 4 52 38 2 67 69 15 68 34 91 6 84 80 11 55 36 77 30 72 53 66 70 50 32 94 
58 0 48 19 67 0 54 63 41 55 43 87 60 48 91 23 48 13 59 80 19 5 40 74 57 78 63 37 31 15 38 40 85 18 93 53 23 69 22 8 51 66 71 2 0 21 30 46 58 62 55 1 98 61 6 55 99 3 55 38 95 34 58 6 56 80 77 46 46 61 6 15 65 87 76 50 0 43 89 1 22 71 12 91 99 50 32 60 31 57 5 62 42 92 5 57 14 20 36 62 
85 36 73 7 28 14 24 87 26 90 28 13 16 30 90 58 5 45 36 65 33 26 69 8 63 12 10 77 32 20 74 42 44 11 87 65 7 55 40 11 1 61 48 25 47 89 72 11 26 37 34 65 50 59 78 75 52 15 9 89 73 34 22 72 99 1 17 73 67 89 36 47 21 56 4 11 95 38 4 81 25 19 92 73 94 48 89 5 80 92 47 66 62 84 57 86 3 59 50 94 
91 14 71 88 70 76 76 68 41 6 80 91 66 18 48 65 96 5 34 58 19 19 19 20 42 31 23 43 98 48 66 73 72 16 58 41 96 32 68 83 33 29 20 11 44 78 14 96 33 86 9 8 21 49 25 30 42 27 56 79 93 53 73 33 46 93 37 46 51 4 57 17 90 75 98 56 61 4 84 51 16 51 81 65 78 1 30 69 81 32 75 34 9 49 56 76 79 79 68 79 
79 97 66 26 85 88 0 19 16 55 84 22 57 80 23 3 38 28 56 40 28 30 22 28 20 44 70 59 22 83 27 96 16 86 60 90 25 32 92 54 69 99 21 20 94 76 79 28 13 21 17 45 15 88 11 34 52 79 19 81 57 85 25 2 50 24 41 36 3 26 20 31 16 5 35 14 80 13 93 51 27 92 69 78 37 20 31 91 71 93 11 0 56 73 79 7 93 82 19 60 
2 60 64 56 29 64 35 11 6 85 69 48 76 10 78 19 6 60 61 6 47 78 59 1 88 75 1 25 45 57 10 60 23 44 30 59 52 89 92 96 69 45 66 23 56 6 50 17 15 74 31 21 82 15 6 8 97 47 51 83 86 44 16 50 1 24 80 83 25 35 30 77 28 86 45 65 72 13 4 96 24 80 7 7 42 4 92 24 6 68 5 41 61 3 15 83 65 90 67 60 
4 71 58 90 61 18 70 49 54 6 93 8 20 63 10 89 25 47 54 42 56 52 22 35 84 27 78 30 74 75 63 79 73 52 50 2 0 2 57 34 51 61 95 68 20 4 60 1 1 11 55 13 86 98 43 93 40 91 25 96 97 39 72 42 40 90 76 26 34 58 65 66 59 11 96 33 7 89 68 17 89 81 3 54 61 73 88 0 49 83 89 89 22 98 93 59 66 2 32 37 
66 82 63 12 79 31 23 10 42 91 36 47 92 19 10 93 20 74 72 42 48 36 49 48 60 36 79 89 97 27 0 52 9 5 7 53 45 62 93 56 88 85 14 97 40 1 21 13 68 25 33 85 7 62 17 58 75 97 38 16 78 34 34 51 23 93 57 11 90 15 53 11 30 85 63 98 64 41 87 36 28 55 73 28 32 24 69 63 8 93 74 8 61 50 65 17 95 49 69 95 
95 18 27 19 91 50 66 79 48 34 81 7 97 50 9 3 53 18 50 46 87 63 23 89 87 71 26 84 18 44 94 62 46 40 31 39 48 27 77 6 55 53 69 61 54 67 89 55 31 44 87 92 59 61 92 20 82 58 99 17 51 19 85 99 37 61 58 44 0 66 18 1 95 24 57 36 28 81 72 98 23 83 40 5 88 89 34 95 15 94 38 79 30 7 86 42 10 63 51 45 
68 53 54 46 39 59 88 93 14 18 72 22 95 11 26 72 56 9 57 20 75 0 63 36 69 10 49 91 3 68 58 23 32 94 13 47 39 56 43 55 49 25 99 57 69 63 68 34 68 11 5 74 4 39 20 12 1 69 14 19 74 64 4 70 63 31 94 51 63 86 56 55 49 49 94 49 36 63 46 98 43 52 53 17 56 95 79 25 64 88 28 84 93 98 43 97 5 37 35 62 
55 2 5 77 33 40 88 5 15 23 72 58 38 96 19 93 1 45 27 41 30 83 40 88 15 26 6 53 19 88 62 64 23 18 81 84 65 92 67 22 8 12 27 99 56 23 93 7 73 28 13 77 23 42 94 69 3 33 98 54 97 0 68 34 7 62 41 97 54 2 1 46 1 10 22 24 42 13 47 65 50 37 91 68 33 29 97 5 95 50 49 23 10 17 96 87 75 73 64 4 
52 23 35 86 40 72 61 51 71 22 59 29 18 95 11 71 71 71 55 56 66 89 77 46 74 30 56 78 83 47 10 76 98 53 49 31 56 22 33 97 57 89 87 34 99 99 93 6 15 54 82 52 43 43 93 36 35 33 34 9 79 9 51 22 97 41 67 80 49 16 9 66 20 0 97 76 31 11 67 68 97 0 55 82 4 88 14 8 86 49 27 43 23 46 0 82 8 87 48 77 
30 92 13 81 13 14 74 15 25 66 3 74 46 55 14 75 80 86 30 28 5 61 51 49 40 70 52 67 40 30 17 58 29 55 9 31 64 6 89 27 28 1 32 39 50 53 2 82 47 36 84 48 68 66 94 81 88 22 43 94 52 40 38 59 41 43 46 91 76 65 93 53 62 90 74 37 76 39 45 94 73 31 20 90 70 5 91 85 24 73 62 14 49 36 55 77 6 55 23 22 
33 23 17 75 2 25 50 86 32 85 77 73 54 77 95 0 56 52 43 19 20 16 12 29 54 85 55 95 76 0 76 96 40 85 70 91 52 1 67 18 19 39 11 63 38 86 24 98 78 12 94 77 33 90 9 5 56 41 39 60 47 85 18 80 81 9 60 32 8 26 5 34 21 85 82 2 12 48 35 73 18 57 64 6 25 12 57 74 94 2 88 30 7 6 4 72 39 36 42 54 
97 45 9 26 45 39 8 92 22 5 48 49 11 27 52 86 85 84 9 93 9 61 75 12 80 76 18 33 35 45 78 93 33 61 69 94 96 88 87 95 87 45 72 46 47 14 20 10 10 13 20 74 53 95 63 35 34 67 52 66 60 54 54 38 31 75 3 85 1 26 60 45 72 91 78 27 94 21 6 8 70 89 74 81 33 6 74 97 93 81 31 1 39 54 47 59 31 57 35 16 
73 92 3 89 35 15 78 85 9 94 83 42 47 40 55 45 85 43 26 12 17 44 82 23 35 28 29 18 53 54 59 31 63 33 39 87 49 54 89 12 44 80 82 23 3 58 48 3 94 49 24 26 26 64 29 3 33 30 59 74 49 12 81 29 64 94 42 55 34 96 70 7 14 18 53 23 28 76 20 42 56 46 67 77 40 72 92 78 72 70 39 71 79 87 69 83 43 16 42 50 
70 51 93 67 96 97 58 46 4 74 43 80 10 5 74 28 84 36 80 80 1 22 35 29 91 39 81 80 85 1 72 54 25 25 90 27 93 46 50 88 57 42 58 42 21 37 8 43 28 29 56 56 27 28 20 57 86 89 71 53 57 22 87 57 52 10 86 25 37 95 29 65 82 74 48 31 72 32 34 47 13 10 12 19 43 97 93 73 70 29 2 82 88 71 57 34 65 16 32 54 
41 69 18 82 34 66 77 89 43 60 16 14 19 76 85 93 9 81 52 3 96 85 2 86 18 96 80 65 69 46 16 5 9 96 94 62 27 81 90 49 24 31 42 90 91 29 34 69 92 96 99 82 44 84 76 91 2 52 29 58 89 85 47 4 24 60 90 73 64 35 9 94 4 59 59 54 27 48 7 4 72 74 55 21 98 71 35 66 16 73 68 14 27 63 64 68 63 56 59 63 
84 5 12 37 86 29 72 58 72 83 53 78 58 70 52 7 3 44 79 26 81 62 5 87 44 52 83 16 38 98 60 36 17 86 47 70 88 81 45 2 79 26 2 82 10 90 37 81 5 26 4 65 49 2 91 43 49 47 20 53 87 21 84 0 66 43 20 73 78 47 34 50 54 9 76 77 79 12 4 20 61 50 79 16 23 34 83 17 76 44 84 7 37 96 90 96 71 87 45 53 
25 39 11 66 47 57 47 43 54 6 27 69 0 0 11 66 72 19 5 65 19 88 54 30 34 84 7 90 96 22 85 46 88 53 67 95 52 46 69 15 78 74 35 27 92 46 96 4 39 87 45 51 84 22 90 53 90 98 35 20 93 53 77 94 92 32 71 68 71 91 32 98 55 98 87 62 62 2 39 58 93 99 14 8 89 46 60 33 78 64 41 49 50 7 99 15 69 70 95 61 
82 52 15 47 99 8 33 90 31 12 7 59 9 87 58 10 36 57 61 65 18 31 38 49 47 93 57 77 38 97 43 6 7 25 27 28 55 9 23 59 1 14 28 28 68 51 67 67 59 11 52 2 17 91 51 65 20 30 71 18 15 95 58 15 65 83 94 99 34 73 6 65 82 47 94 61 69 39 69 61 97 86 22 48 63 28 38 11 13 11 79 84 5 50 73 72 35 22 26 20 
42 92 82 13 52 8 10 73 57 87 6 18 9 76 89 98 53 54 79 85 42 14 3 96 60 79 92 18 91 89 39 88 83 1 82 10 61 23 79 89 31 38 76 81 65 61 83 9 79 5 20 70 11 82 10 73 83 2 23 4 24 80 95 79 90 2 68 11 76 20 9 17 96 10 5 43 92 32 35 5 68 68 59 1 24 80 52 88 59 27 30 97 42 16 24 53 66 22 42 90 
60 98 33 28 11 21 91 98 38 25 74 29 9 53 9 77 53 62 98 28 7 38 36 11 12 72 29 33 0 4 81 67 91 61 61 55 81 92 26 20 38 21 23 26 33 98 98 31 2 4 91 75 16 51 10 74 24 72 95 8 40 54 49 56 28 42 95 82 26 4 48 15 62 95 50 60 97 53 97 92 40 49 99 15 73 6 44 12 53 45 76 65 69 98 5 26 98 4 31 96 
65 91 47 29 49 44 75 18 8 92 80 65 49 89 43 0 99 94 54 2 31 18 90 41 99 9 58 30 55 71 55 2 26 50 80 49 19 55 27 61 51 36 57 52 78 77 62 0 29 13 95 29 78 28 80 56 83 99 64 87 82 72 53 76 63 61 31 60 52 96 52 1 17 81 65 27 43 0 16 36 76 9 41 36 42 98 91 50 21 8 19 53 79 2 97 89 37 84 12 24 
72 16 33 69 75 67 52 17 21 78 69 83 59 96 10 55 99 56 22 82 36 36 43 80 10 10 37 78 78 83 34 90 23 50 51 70 92 54 25 91 62 12 62 87 23 60 22 82 5 51 21 56 25 55 7 8 47 15 51 30 10 45 55 23 53 91 60 72 9 42 9 27 40 22 58 45 40 42 15 73 60 15 84 30 87 13 16 65 9 74 70 66 84 56 5 82 78 14 15 38 
10 63 61 22 21 22 37 21 29 18 15 36 76 78 68 74 55 82 10 36 90 30 74 82 85 10 76 67 46 23 88 93 82 36 74 61 2 98 27 50 62 84 80 92 13 78 28 33 48 81 41 88 5 3 56 94 64 9 58 74 5 43 64 16 1 23 15 75 96 66 41 53 64 0 92 32 59 19 60 46 67 0 69 25 14 42 71 41 78 31 73 43 55 33 66 41 28 30 46 72 
73 77 38 69 11 46 31 52 34 28 73 98 27 13 17 43 2 74 39 48 86 57 6 3 49 62 42 29 87 10 17 96 91 59 42 55 34 29 51 32 83 5 61 85 25 17 54 10 7 72 41 34 97 32 57 4 45 29 60 27 69 84 6 19 49 17 54 59 1 7 6 24 92 75 2 70 88 68 48 10 50 94 63 37 3 86 54 72 96 14 53 73 51 26 65 50 18 42 45 9 
14 50 73 56 10 49 24 46 17 59 79 44 39 83 87 30 35 24 12 70 46 74 12 80 52 41 36 79 52 3 95 64 46 88 48 45 73 0 21 41 16 32 30 2 18 41 33 64 1 45 5 50 4 56 41 11 41 13 5 4 10 91 49 41 63 27 83 9 90 27 11 26 88 71 42 58 55 52 87 49 82 23 59 8 76 25 9 92 53 74 69 64 83 82 21 11 65 72 25 46 
35 38 29 74 1 2 91 11 18 16 91 38 42 5 83 21 51 32 6 0 81 4 76 27 69 85 29 3 8 7 67 71 49 50 20 21 60 60 29 13 52 14 68 42 60 86 72 55 58 73 62 14 96 58 34 37 91 19 13 41 66 24 13 60 5 66 59 54 85 17 48 41 11 18 51 18 72 60 68 40 39 33 1 64 43 14 22 46 41 1 79 32 14 71 63 2 9 66 30 98 
7 68 15 45 84 55 54 90 55 17 77 19 64 56 14 15 85 50 22 67 47 62 9 37 42 44 89 15 47 47 25 33 19 99 19 19 56 77 51 53 41 31 32 20 31 8 28 38 27 52 68 19 64 54 10 56 50 11 54 13 1 1 57 82 48 44 48 21 85 80 30 52 25 16 0 39 74 27 34 62 37 86 64 26 46 18 35 21 75 48 23 34 53 43 36 42 74 72 18 65 
29 41 69 3 36 37 55 64 11 1 57 79 70 53 92 67 48 9 70 23 40 46 88 40 21 41 17 0 31 87 88 30 30 40 94 78 17 10 79 52 36 89 95 9 42 81 26 49 50 52 9 50 98 55 61 98 79 43 13 78 88 29 35 29 18 96 40 44 81 7 89 78 59 71 51 31 94 62 79 33 4 2 72 40 89 45 37 44 14 2 62 90 76 2 99 52 35 13 8 49 
31 40 41 73 46 40 61 81 26 56 59 24 18 83 37 55 40 85 45 7 53 42 35 36 97 62 48 13 7 68 8 79 44 52 99 67 36 23 54 53 89 31 82 71 4 28 34 23 28 3 45 13 42 34 72 17 63 13 14 22 4 12 26 8 31 1 94 3 84 84 25 9 83 11 8 81 70 56 2 6 0 84 57 84 92 54 30 17 95 19 92 61 88 69 62 56 5 38 95 82 
72 84 98 17 90 79 92 38 73 40 37 14 96 42 73 23 15 11 51 68 12 35 11 37 97 44 18 69 74 66 70 70 79 47 70 35 67 21 51 34 99 67 80 67 70 85 20 62 90 48 89 89 11 99 83 94 29 36 4 64 93 26 3 41 41 28 63 13 81 79 69 69 37 98 82 51 23 59 3 25 19 13 8 41 44 29 0 37 51 42 67 36 46 43 2 65 14 15 39 59 
93 47 29 7 7 4 59 52 42 63 74 96 53 7 43 15 38 91 73 24 11 37 31 15 82 39 74 96 18 16 54 63 50 31 37 25 33 9 28 10 88 13 69 40 20 49 78 0 73 87 72 81 76 90 73 26 73 75 36 61 0 76 74 35 5 96 7 14 32 6 76 86 44 24 95 43 12 28 41 0 18 90 47 15 72 43 12 69 98 63 76 37 70 91 93 7 13 22 4 50 
34 94 75 4 12 38 42 55 77 51 16 59 69 60 11 9 54 39 80 71 77 31 78 74 39 35 54 37 52 61 36 41 76 21 65 4 76 21 44 91 35 2 12 32 65 9 91 70 14 59 98 45 92 35 29 73 55 59 22 91 6 37 70 51 83 0 79 5 57 54 70 95 22 82 8 52 51 37 65 99 44 10 44 55 8 66 42 7 46 28 8 73 36 58 27 8 1 42 60 24 
78 89 15 12 70 7 13 54 18 32 83 73 68 65 29 68 24 90 21 75 80 44 8 76 69 24 19 77 44 4 52 57 88 14 1 8 83 51 81 39 79 77 46 45 26 18 46 97 81 1 70 29 46 59 30 88 10 34 98 28 26 97 27 27 35 73 58 21 73 40 58 95 37 30 22 98 90 28 56 57 54 53 25 17 66 3 86 61 23 46 64 63 61 30 54 71 46 86 43 97 
0 90 35 61 85 13 62 39 76 76 76 21 32 0 49 3 73 91 73 98 47 86 24 41 99 46 44 60 13 37 3 2 28 44 13 50 90 60 95 74 40 21 46 93 6 67 75 52 95 52 34 0 27 20 56 50 30 45 81 27 38 70 64 83 81 6 43 62 25 29 41 31 22 24 28 9 82 27 3 38 32 64 86 15 18 46 46 50 24 8 46 24 58 24 12 92 12 77 77 44 
65 41 92 68 58 52 60 36 40 66 29 31 44 7 36 62 72 33 2 98 87 50 62 39 27 53 24 70 23 80 39 69 43 20 56 30 12 5 53 83 57 49 0 90 48 60 71 10 35 65 62 80 10 80 89 75 89 31 68 31 15 44 58 89 31 38 84 82 68 4 31 61 32 71 49 95 6 35 34 70 28 22 60 18 12 89 84 21 59 72 52 73 9 32 8 99 0 99 54 43 
86 44 31 99 94 14 4 86 71 84 62 55 54 80 5 39 67 37 69 16 74 6 55 23 7 56 92 60 82 59 24 57 71 54 36 13 19 41 53 80 4 65 69 85 54 99 17 35 30 77 62 41 73 18 3 65 46 61 51 4 54 38 58 0 13 21 6 2 26 35 16 7 67 63 2 28 87 74 4 98 77 76 11 84 61 88 26 7 71 82 79 46 20 59 38 36 85 85 77 60 
16 42 68 25 30 76 14 27 19 15 17 29 87 27 42 60 98 84 4 25 92 27 27 51 67 44 90 58 0 87 22 84 8 92 98 85 51 7 87 62 90 60 94 30 26 45 13 70 70 30 7 99 35 77 31 43 20 27 11 12 4 18 44 65 22 31 42 51 84 25 67 15 81 59 21 67 41 58 39 50 92 1 5 66 14 16 68 57 18 26 81 20 50 71 87 33 39 37 88 7 
91 77 81 36 51 30 94 67 44 3 57 19 42 19 43 85 99 23 41 18 46 91 64 1 71 5 20 77 23 87 4 5 46 59 34 38 5 46 95 38 59 43 65 18 64 3 29 52 44 50 38 78 27 43 67 3 89 52 90 96 9 17 49 38 31 64 85 44 39 99 54 16 58 87 25 39 19 24 19 83 31 65 43 96 34 2 32 14 62 89 53 75 70 75 64 9 40 20 94 3 
0 41 4 45 21 94 57 50 95 87 48 50 63 69 69 25 98 56 81 79 12 55 77 62 38 69 61 53 60 45 13 59 24 40 49 34 12 36 3 14 67 37 86 73 19 90 59 40 40 61 91 24 21 75 55 84 99 62 19 16 66 77 87 87 52 24 77 73 3 34 9 51 19 56 79 81 73 83 97 30 59 41 77 71 75 44 6 2 56 8 44 41 52 36 99 40 60 97 99 16 
98 87 50 91 17 41 51 73 0 36 96 15 36 15 61 39 32 54 90 88 51 90 38 53 53 21 25 62 15 35 21 50 57 56 82 72 30 60 16 40 71 62 27 87 38 69 93 24 63 38 96 29 20 43 22 94 28 8 93 52 18 93 97 63 40 28 34 78 24 89 92 96 76 40 54 37 46 18 98 2 31 8 50 74 0 28 12 94 19 6 96 7 96 13 60 87 16 75 25 26 
39 48 52 73 82 14 89 38 84 45 43 73 70 94 98 2 11 50 31 95 69 30 97 59 46 81 45 75 63 58 35 92 38 88 60 9 69 25 5 65 15 99 26 50 91 6 16 27 52 19 89 23 34 25 52 83 75 78 30 81 42 61 93 32 2 99 0 17 61 12 25 40 47 60 21 83 34 80 79 71 27 56 96 49 86 10 82 20 36 56 65 3 93 30 98 41 83 60 76 50 
26 28 73 88 5 9 57 26 10 35 10 38 57 45 92 98 65 77 90 54 24 80 87 16 65 3 42 64 55 50 23 67 12 40 34 84 97 16 6 50 37 87 60 2 58 86 67 68 23 3 92 56 0 99 3 72 56 72 57 93 89 86 50 28 31 4 90 18 62 98 44 71 38 21 34 32 77 18 80 68 16 15 5 87 92 60 79 87 59 84 40 63 59 37 93 29 55 93 67 79 
69 86 86 14 25 44 78 47 59 27 78 87 96 30 7 67 11 14 21 41 51 11 22 31 17 61 7 58 0 31 1 70 73 42 25 5 26 28 91 1 19 60 34 72 39 91 56 51 1 33 82 35 42 70 71 64 20 55 90 55 62 52 10 48 47 21 5 78 33 78 5 99 38 56 0 87 77 70 4 24 59 81 70 27 18 72 27 4 60 55 92 81 5 46 92 29 54 54 6 43 
22 70 5 97 31 65 47 36 62 80 1 94 65 17 97 51 41 42 71 88 56 85 30 91 65 57 47 32 55 43 99 10 21 74 82 26 63 65 77 19 50 48 93 16 18 78 10 66 1 79 30 3 84 32 56 81 2 16 77 90 49 22 74 58 10 69 60 51 13 13 0 93 9 47 71 63 50 81 2 72 60 75 16 91 37 66 53 23 16 51 64 75 5 21 25 27 21 8 52 63 
22 61 57 12 76 92 20 14 70 12 61 18 24 11 6 37 15 62 86 29 32 55 91 70 78 58 65 70 70 97 8 43 89 45 47 50 65 43 82 58 70 68 35 18 24 94 83 20 89 95 68 51 12 43 50 44 57 34 65 21 69 19 30 15 55 37 0 18 21 13 63 47 5 13 44 66 43 48 3 30 0 87 76 74 13 16 58 13 10 49 91 82 50 67 18 31 36 69 42 36 
69 5 47 81 24 63 67 60 15 78 51 52 43 40 13 68 24 65 22 28 0 23 81 72 62 32 66 74 39 85 86 40 47 32 12 83 70 90 9 26 91 52 21 29 19 19 33 7 27 82 10 22 99 40 84 91 51 87 12 8 32 49 92 51 0 21 4 58 68 26 54 87 47 85 95 27 75 0 30 98 59 8 90 3 36 91 60 47 6 43 27 47 44 84 95 67 65 73 54 85 
81 99 46 92 98 17 41 27 20 95 54 93 85 38 79 50 27 6 56 4 11 84 4 61 67 80 41 78 48 10 6 61 82 0 48 99 74 80 17 40 77 92 53 56 71 68 64 0 87 67 66 43 19 31 41 51 96 55 96 11 99 27 5 66 10 23 93 53 74 47 29 35 7 31 29 40 35 91 37 49 53 16 16 26 28 83 36 32 64 66 81 66 76 5 22 15 50 74 61 83 
46 46 56 76 70 52 0 12 27 95 51 84 52 39 79 51 40 53 5 61 58 10 44 71 21 26 37 70 74 18 28 20 50 28 35 90 5 50 83 59 1 51 21 86 45 70 46 45 17 4 14 74 7 65 36 10 12 14 47 96 17 95 10 4 86 29 0 58 56 31 86 23 55 11 75 59 31 35 23 36 60 88 53 34 66 36 94 8 75 68 34 8 83 18 38 23 26 17 29 52 
16 29 57 27 75 87 37 78 55 87 0 44 54 62 61 30 44 35 54 12 84 76 37 48 97 25 1 49 70 25 14 11 1 78 51 27 88 96 8 20 28 34 70 69 61 66 39 34 80 22 36 17 9 15 29 53 67 1 39 51 98 49 73 28 10 92 18 56 21 38 23 68 63 88 57 20 11 98 69 57 43 12 72 37 5 44 44 62 88 73 0 83 34 52 36 51 11 60 88 44 
28 80 14 80 79 28 53 32 15 64 29 72 52 67 25 79 7 60 8 4 97 27 39 91 34 2 30 7 9 30 22 29 0 34 18 41 41 32 41 65 76 0 95 35 12 33 73 52 9 70 20 31 69 66 46 22 70 8 27 45 92 18 43 94 20 89 2 46 88 55 30 19 96 81 9 65 58 80 82 74 46 30 53 18 76 73 7 24 66 81 60 45 3 20 52 99 90 80 50 33 
9 88 52 54 58 51 73 19 35 78 84 47 18 17 29 38 88 74 38 22 26 21 84 46 55 68 82 80 93 23 86 23 36 29 39 82 13 51 54 49 79 64 61 41 61 94 31 31 54 47 69 6 91 49 7 85 7 22 43 1 93 67 39 7 36 0 58 16 35 92 88 74 17 27 7 6 62 9 27 92 77 45 82 21 11 80 78 26 40 25 55 27 58 35 36 71 29 2 30 50 
47 46 64 59 53 45 75 65 75 83 6 74 79 1 63 24 47 91 76 20 97 75 12 28 80 20 1 44 65 19 52 34 93 82 25 92 41 75 41 7 19 72 99 97 24 5 2 6 15 69 33 28 59 34 40 38 67 69 95 73 45 83 93 87 96 59 99 20 50 21 85 78 42 22 58 24 85 62 51 11 32 23 29 22 6 64 92 16 19 78 33 4 83 58 20 45 26 82 99 56 
38 10 30 7 4 64 59 48 5 72 52 23 8 60 37 81 41 11 32 66 44 20 3 70 99 48 71 8 54 34 91 55 93 20 1 7 89 83 23 32 81 34 47 83 57 24 48 94 20 92 47 36 50 35 29 74 88 45 72 21 72 56 90 91 82 66 26 81 29 33 21 86 93 30 17 25 29 72 62 76 40 59 11 87 21 97 8 61 63 5 1 94 72 31 69 45 94 83 93 57 
0 0 0
0 1 1
0 0 0